"Дата","Цена","Откр.","Макс.","Мин.","Объём","Изм. %"
"31.12.2020","109,49","108,17","109,64","107,85","2,98M","0,97%"
"30.12.2020","108,44","108,58","109,11","107,84","2,42M","0,10%"
"29.12.2020","108,33","108,45","108,93","108,16","2,83M","0,50%"
"28.12.2020","107,79","108,96","109,10","107,26","2,03M","-0,52%"
"24.12.2020","108,35","107,44","108,95","107,38","1,45M","0,84%"
"23.12.2020","107,45","108,98","109,66","107,45","3,15M","-0,77%"
"22.12.2020","108,28","107,75","109,02","107,00","3,43M","0,18%"
"21.12.2020","108,09","107,59","108,16","105,40","4,54M","-0,81%"
"18.12.2020","108,97","108,85","109,61","107,49","10,67M","0,17%"
"17.12.2020","108,78","107,82","108,93","107,82","3,92M","1,34%"
"16.12.2020","107,34","107,45","108,21","106,61","4,35M","-0,10%"
"15.12.2020","107,45","107,31","108,38","106,41","5,26M","0,62%"
"14.12.2020","106,79","107,42","109,16","106,79","6,25M","-0,21%"
"11.12.2020","107,02","106,10","107,35","105,32","4,72M","0,47%"
"10.12.2020","106,52","106,87","107,09","106,04","4,83M","0,19%"
"09.12.2020","106,32","107,15","107,68","105,53","5,74M","-0,45%"
"08.12.2020","106,80","106,68","107,23","106,21","6,64M","-0,35%"
"07.12.2020","107,18","108,00","108,28","106,66","6,93M","-0,67%"
"04.12.2020","107,90","107,08","108,27","106,93","4,69M","0,34%"
"03.12.2020","107,53","108,15","108,59","107,10","3,85M","-0,57%"
"02.12.2020","108,15","108,34","108,60","107,40","3,44M","-0,31%"
"01.12.2020","108,49","109,24","109,60","108,07","4,12M","0,25%"
"30.11.2020","108,22","107,94","108,55","107,13","5,70M","0,56%"
"27.11.2020","107,62","106,67","107,75","105,87","1,98M","1,14%"
"25.11.2020","106,41","107,05","108,40","105,63","6,22M","-1,12%"
"24.11.2020","107,61","109,35","109,39","107,30","7,32M","-1,52%"
"23.11.2020","109,27","111,35","111,36","108,90","4,11M","-1,46%"
"20.11.2020","110,89","110,74","111,76","110,07","4,08M","-0,10%"
"19.11.2020","111,00","110,13","111,19","109,41","3,55M","1,12%"
"18.11.2020","109,77","113,69","113,69","109,77","4,55M","-2,91%"
"17.11.2020","113,06","113,03","114,60","112,36","3,79M","-0,54%"
"16.11.2020","113,67","112,05","113,75","111,59","4,12M","0,95%"
"14.11.2020","112,60","112,60","112,60","112,60","-","0,00%"
"13.11.2020","112,60","112,86","113,09","111,42","3,92M","0,58%"
"12.11.2020","111,95","112,18","112,83","111,30","2,82M","-0,62%"
"11.11.2020","112,65","111,94","112,93","111,50","3,99M","1,66%"
"10.11.2020","110,81","109,30","111,59","108,45","5,24M","1,30%"
"09.11.2020","109,39","113,00","113,00","106,19","13,99M","-4,40%"
"06.11.2020","114,42","113,88","115,14","112,84","5,64M","0,78%"
"05.11.2020","113,53","113,47","114,83","112,75","5,14M","1,79%"
"04.11.2020","111,53","110,17","114,20","110,17","7,42M","1,80%"
"03.11.2020","109,56","108,75","110,80","108,43","3,87M","1,94%"
"02.11.2020","107,48","107,09","108,66","106,12","5,91M","2,25%"
"30.10.2020","105,11","104,76","105,55","103,13","4,43M","0,10%"
"29.10.2020","105,00","106,38","106,58","104,57","4,24M","-1,33%"
"28.10.2020","106,42","106,95","107,38","105,39","7,10M","-1,99%"
"27.10.2020","108,58","108,89","109,74","108,35","4,52M","-0,39%"
"26.10.2020","109,00","107,65","109,16","107,41","7,30M","1,12%"
"23.10.2020","107,79","109,64","110,00","107,57","3,57M","-1,54%"
"22.10.2020","109,48","106,42","110,04","106,42","4,95M","3,35%"
"21.10.2020","105,93","107,90","108,90","104,84","5,72M","-2,24%"
"20.10.2020","108,36","108,26","109,89","108,26","3,87M","0,30%"
"19.10.2020","108,04","110,00","111,02","107,82","4,23M","-1,49%"
"16.10.2020","109,67","107,70","110,38","107,70","4,36M","2,19%"
"15.10.2020","107,32","106,65","107,74","106,39","3,52M","-0,40%"
"14.10.2020","107,75","108,47","109,83","107,34","4,19M","-0,57%"
"13.10.2020","108,37","110,50","110,98","108,25","4,77M","-2,41%"
"12.10.2020","111,05","110,25","111,57","109,80","4,20M","1,28%"
"09.10.2020","109,65","109,34","109,97","108,80","3,06M","1,02%"
"08.10.2020","108,54","108,20","109,12","107,42","4,17M","0,74%"
"07.10.2020","107,74","107,36","108,17","106,94","4,16M","1,40%"
"06.10.2020","106,25","108,56","108,56","106,07","3,99M","-2,13%"
"05.10.2020","108,56","107,18","108,65","107,18","3,60M","1,93%"
"02.10.2020","106,50","107,68","108,66","106,33","5,59M","-1,97%"
"01.10.2020","108,64","109,18","110,33","108,38","7,24M","-0,17%"
"30.09.2020","108,83","105,89","109,48","105,74","9,49M","3,46%"
"29.09.2020","105,19","105,81","106,36","104,95","4,47M","0,72%"
"28.09.2020","104,44","104,50","105,22","103,83","5,52M","0,96%"
"25.09.2020","103,45","100,56","103,61","100,34","5,06M","2,51%"
"24.09.2020","100,92","102,85","103,49","100,48","7,60M","-1,76%"
"23.09.2020","102,73","104,81","104,81","102,25","4,04M","-1,98%"
"22.09.2020","104,80","105,46","105,46","103,62","4,18M","-1,09%"
"21.09.2020","105,95","105,80","106,41","104,47","4,56M","-0,85%"
"18.09.2020","106,86","106,56","107,99","106,14","7,62M","0,19%"
"17.09.2020","106,66","104,88","106,73","104,56","4,28M","0,91%"
"16.09.2020","105,70","107,13","107,36","105,69","4,24M","-0,83%"
"15.09.2020","106,58","106,92","107,50","106,17","3,65M","0,84%"
"14.09.2020","105,69","105,67","106,65","105,18","3,82M","0,95%"
"11.09.2020","104,70","105,28","105,70","104,32","4,11M","0,67%"
"10.09.2020","104,00","105,54","105,59","103,74","4,27M","-1,71%"
"09.09.2020","105,81","104,13","106,91","104,13","4,37M","2,89%"
"08.09.2020","102,84","103,17","103,80","102,50","5,22M","-1,27%"
"04.09.2020","104,16","105,45","106,04","102,42","5,03M","-1,30%"
"03.09.2020","105,53","108,52","108,64","104,30","6,10M","-3,57%"
"02.09.2020","109,44","106,45","109,88","105,89","5,84M","2,71%"
"01.09.2020","106,55","108,93","109,07","105,58","7,70M","-2,67%"
"31.08.2020","109,47","110,68","111,72","109,26","6,94M","-1,19%"
"28.08.2020","110,79","113,54","114,19","109,40","17,20M","-0,45%"
"27.08.2020","111,29","111,17","113,98","109,53","36,32M","7,85%"
"26.08.2020","103,19","101,87","103,29","101,26","2,97M","0,70%"
"25.08.2020","102,47","101,99","102,89","101,65","2,63M","1,07%"
"24.08.2020","101,39","103,00","103,23","100,70","3,21M","-0,99%"
"21.08.2020","102,40","101,63","102,54","100,84","3,59M","0,76%"
"20.08.2020","101,63","99,76","102,01","99,76","3,55M","1,14%"
"19.08.2020","100,48","101,08","101,56","100,33","2,72M","-0,48%"
"18.08.2020","100,96","100,93","101,70","100,46","3,78M","0,25%"
"17.08.2020","100,71","100,37","101,40","100,25","4,66M","0,72%"
"14.08.2020","99,99","100,93","101,22","99,57","2,74M","-1,10%"
"13.08.2020","101,10","100,40","101,24","100,02","2,95M","0,45%"
"12.08.2020","100,65","99,55","101,09","99,37","2,67M","1,61%"
"11.08.2020","99,06","100,43","100,43","98,69","4,82M","-0,98%"
"10.08.2020","100,04","101,21","101,23","100,04","2,78M","-1,18%"
"07.08.2020","101,23","101,70","102,30","100,56","3,14M","-0,51%"
"06.08.2020","101,75","101,64","101,78","99,92","3,94M","-0,38%"
"05.08.2020","102,14","99,88","102,33","99,88","4,42M","2,21%"
"04.08.2020","99,93","100,55","100,67","99,28","2,73M","-0,74%"
"03.08.2020","100,68","101,20","101,52","100,22","3,67M","0,04%"
"31.07.2020","100,64","101,21","101,37","99,12","4,60M","-0,88%"
"30.07.2020","101,53","100,85","101,58","100,24","3,18M","-0,97%"
"29.07.2020","102,52","100,18","102,89","100,09","4,74M","2,66%"
"28.07.2020","99,86","100,14","100,79","99,27","4,11M","-0,13%"
"27.07.2020","99,99","98,53","100,28","98,48","3,72M","1,05%"
"24.07.2020","98,95","100,21","100,21","98,36","4,53M","-1,85%"
"23.07.2020","100,82","100,47","101,97","100,12","5,91M","0,63%"
"22.07.2020","100,19","98,11","100,57","98,02","4,66M","2,04%"
"21.07.2020","98,19","99,00","99,47","97,76","5,06M","-0,90%"
"20.07.2020","99,08","100,00","100,71","98,72","5,68M","-0,17%"
"17.07.2020","99,25","97,87","100,00","97,68","8,34M","2,96%"
"16.07.2020","96,40","97,85","97,85","94,30","7,58M","-0,34%"
"15.07.2020","96,73","95,90","97,13","95,81","6,21M","2,01%"
"14.07.2020","94,82","92,61","94,93","91,76","4,12M","1,86%"
"13.07.2020","93,09","93,14","95,61","92,92","4,30M","0,05%"
"10.07.2020","93,04","93,47","93,80","92,32","2,92M","-0,67%"
"09.07.2020","93,67","92,87","94,87","91,89","4,58M","1,18%"
"08.07.2020","92,58","92,72","93,66","91,50","3,82M","0,13%"
"07.07.2020","92,46","92,46","93,40","92,09","3,39M","-0,55%"
"06.07.2020","92,97","92,77","93,95","92,48","5,92M","0,80%"
"02.07.2020","92,23","92,50","93,06","91,93","3,85M","0,64%"
"01.07.2020","91,64","91,98","91,98","90,43","3,39M","0,23%"
"30.06.2020","91,43","88,82","91,83","88,51","5,22M","2,72%"
"29.06.2020","89,01","89,70","89,70","88,11","4,67M","0,34%"
"26.06.2020","88,71","89,82","89,95","87,94","8,52M","-1,02%"
"25.06.2020","89,62","87,23","89,79","86,19","5,78M","2,66%"
"24.06.2020","87,30","90,53","90,61","86,89","6,14M","-4,38%"
"23.06.2020","91,30","91,07","92,27","90,80","4,16M","1,06%"
"22.06.2020","90,34","90,33","90,59","89,18","5,07M","-0,37%"
"19.06.2020","90,68","91,67","92,40","90,61","9,45M","0,44%"
"18.06.2020","90,28","90,50","91,30","89,60","6,02M","-0,68%"
"17.06.2020","90,90","90,23","91,66","90,11","4,36M","1,29%"
"16.06.2020","89,74","90,63","91,76","89,17","6,14M","0,21%"
"15.06.2020","89,55","87,50","90,35","87,05","5,67M","0,60%"
"12.06.2020","89,02","89,25","90,19","87,59","5,59M","1,41%"
"11.06.2020","87,78","92,05","92,43","86,99","8,17M","-4,75%"
"10.06.2020","92,16","90,78","92,74","90,71","5,83M","2,09%"
"09.06.2020","90,27","92,32","92,80","90,25","4,86M","-2,47%"
"08.06.2020","92,56","89,03","92,59","89,03","5,43M","3,00%"
"05.06.2020","89,86","88,47","89,96","87,32","11,87M","1,82%"
"04.06.2020","88,25","91,06","91,31","88,24","9,11M","-3,45%"
"03.06.2020","91,40","92,63","92,70","90,58","8,06M","-1,32%"
"02.06.2020","92,62","92,93","93,13","91,79","6,39M","-0,42%"
"01.06.2020","93,01","92,88","93,94","92,07","5,45M","-2,01%"
"29.05.2020","94,92","92,90","95,59","90,75","10,14M","3,06%"
"28.05.2020","92,10","91,89","93,31","91,37","5,32M","1,48%"
"27.05.2020","90,76","89,28","90,78","88,17","5,42M","1,43%"
"26.05.2020","89,48","92,91","93,28","89,17","6,24M","-2,18%"
"22.05.2020","91,47","90,42","91,54","89,71","5,18M","1,19%"
"21.05.2020","90,39","89,57","90,61","88,39","6,15M","0,33%"
"20.05.2020","90,09","89,40","90,41","88,06","7,49M","2,12%"
"19.05.2020","88,22","90,20","90,45","88,14","7,69M","-2,27%"
"18.05.2020","90,27","91,88","92,84","90,09","7,65M","0,42%"
"15.05.2020","89,89","90,00","91,12","88,79","13,61M","-2,06%"
"14.05.2020","91,78","90,50","91,78","89,36","8,19M","-0,41%"
"13.05.2020","92,16","93,15","94,60","90,86","11,62M","-1,75%"
"12.05.2020","93,80","96,46","96,68","93,73","5,38M","-2,36%"
"11.05.2020","96,07","93,22","96,49","93,14","7,24M","2,53%"
"08.05.2020","93,70","94,84","94,94","92,89","6,17M","-0,31%"
"07.05.2020","93,99","92,14","94,54","91,81","7,26M","3,19%"
"06.05.2020","91,08","93,15","93,43","91,03","4,25M","-2,10%"
"05.05.2020","93,03","90,95","93,66","90,39","6,75M","3,56%"
"04.05.2020","89,83","89,79","90,16","88,71","5,04M","-0,02%"
"01.05.2020","89,85","91,00","91,36","88,75","6,84M","-2,43%"
"30.04.2020","92,09","91,85","93,77","91,85","7,98M","-0,21%"
"29.04.2020","92,28","92,09","93,05","91,07","7,07M","0,90%"
"28.04.2020","91,46","94,88","95,15","91,33","7,81M","-3,68%"
"27.04.2020","94,95","95,48","95,90","94,02","6,84M","0,95%"
"24.04.2020","94,06","94,50","94,58","92,78","9,02M","0,13%"
"23.04.2020","93,94","95,87","97,45","93,35","10,57M","-1,61%"
"22.04.2020","95,48","94,28","95,98","92,79","8,37M","1,52%"
"21.04.2020","94,05","96,10","96,97","93,62","12,03M","-4,03%"
"20.04.2020","98,00","94,82","100,00","94,65","17,25M","2,07%"
"17.04.2020","96,01","97,45","97,75","94,24","16,07M","0,01%"
"16.04.2020","96,00","92,60","96,99","91,14","27,04M","5,56%"
"15.04.2020","90,94","90,01","91,90","88,51","14,13M","2,02%"
"14.04.2020","89,14","87,00","89,54","86,50","9,86M","3,83%"
"13.04.2020","85,85","86,32","86,48","83,52","6,67M","-0,22%"
"09.04.2020","86,04","85,00","86,50","82,95","10,47M","1,28%"
"08.04.2020","84,95","82,50","85,39","81,05","9,27M","3,69%"
"07.04.2020","81,93","83,45","84,48","81,77","10,87M","-0,97%"
"06.04.2020","82,73","81,08","83,12","79,61","12,37M","4,13%"
"03.04.2020","79,45","78,79","79,99","78,18","9,14M","0,01%"
"02.04.2020","79,44","76,12","79,66","76,00","10,17M","3,75%"
"01.04.2020","76,57","77,00","77,38","75,35","12,21M","-2,97%"
"31.03.2020","78,91","81,43","81,49","78,56","23,79M","-0,54%"
"30.03.2020","79,34","82,83","84,40","78,47","47,54M","6,41%"
"27.03.2020","74,56","77,00","77,00","73,70","8,36M","-1,65%"
"26.03.2020","75,81","71,39","75,97","71,39","10,55M","7,15%"
"25.03.2020","70,75","68,80","72,61","68,32","9,35M","1,52%"
"24.03.2020","69,69","64,91","69,87","64,91","10,90M","10,94%"
"23.03.2020","62,82","67,07","67,49","61,61","13,04M","-7,62%"
"20.03.2020","68,00","74,05","74,86","67,95","15,13M","-8,72%"
"19.03.2020","74,50","81,36","81,59","73,61","14,48M","-6,01%"
"18.03.2020","79,26","74,89","81,98","74,88","17,54M","-0,29%"
"17.03.2020","79,49","75,52","79,79","73,34","13,32M","7,91%"
"16.03.2020","73,66","70,65","79,25","70,00","14,36M","-9,79%"
"13.03.2020","81,65","77,91","82,67","74,83","18,32M","9,25%"
"12.03.2020","74,74","73,28","78,15","72,01","13,88M","-4,29%"
"11.03.2020","78,09","78,53","79,07","76,35","11,53M","-3,45%"
"10.03.2020","80,88","79,23","81,00","75,93","9,42M","5,01%"
"09.03.2020","77,02","76,61","79,34","75,10","10,28M","-5,77%"
"06.03.2020","81,74","78,60","82,30","78,09","10,65M","1,52%"
"05.03.2020","80,52","80,29","81,47","79,13","9,29M","-1,91%"
"04.03.2020","82,09","80,66","82,33","79,46","8,66M","5,26%"
"03.03.2020","77,99","81,58","83,50","77,26","9,51M","-4,44%"
"02.03.2020","81,61","77,88","81,68","77,25","11,48M","5,95%"
"28.02.2020","77,03","77,12","78,16","74,02","16,67M","-2,73%"
"27.02.2020","79,19","80,40","82,03","79,16","8,66M","-2,67%"
"26.02.2020","81,36","82,13","82,88","81,11","7,38M","0,28%"
"25.02.2020","81,13","84,93","85,37","80,78","7,02M","-4,14%"
"24.02.2020","84,63","85,45","85,67","84,07","5,67M","-3,22%"
"21.02.2020","87,45","88,04","88,25","87,16","5,57M","-1,14%"
"20.02.2020","88,46","89,10","89,56","88,04","3,66M","-1,01%"
"19.02.2020","89,36","88,83","89,93","88,69","3,46M","0,54%"
"18.02.2020","88,88","89,42","89,49","88,31","4,49M","-0,87%"
"14.02.2020","89,66","88,87","89,71","88,31","3,92M","1,11%"
"13.02.2020","88,68","88,50","89,04","87,70","4,45M","-0,12%"
"12.02.2020","88,79","89,56","89,59","88,58","3,39M","-0,43%"
"11.02.2020","89,17","88,64","89,41","88,53","2,66M","0,99%"
"10.02.2020","88,30","87,21","88,30","87,21","4,22M","0,49%"
"07.02.2020","87,87","89,23","89,51","87,67","4,47M","-1,79%"
"06.02.2020","89,47","90,00","90,08","89,25","4,27M","-0,10%"
"05.02.2020","89,56","88,86","89,61","88,55","3,57M","1,51%"
"04.02.2020","88,23","88,15","89,25","88,15","3,90M","1,34%"
"03.02.2020","87,06","87,78","88,40","86,75","4,68M","-0,09%"
"31.01.2020","87,14","89,13","89,23","86,90","5,91M","-2,27%"
"30.01.2020","89,16","88,29","89,21","87,97","5,25M","0,02%"
"29.01.2020","89,14","89,61","90,23","89,07","3,91M","-0,45%"
"28.01.2020","89,54","89,70","90,03","89,39","4,98M","-0,06%"
"27.01.2020","89,59","89,11","90,00","88,89","4,48M","-0,90%"
"24.01.2020","90,40","90,85","91,53","90,21","4,22M","-0,36%"
"23.01.2020","90,73","91,81","91,85","90,16","7,42M","-1,23%"
"22.01.2020","91,86","90,78","92,45","90,03","9,84M","2,37%"
"21.01.2020","89,73","88,86","90,04","88,61","7,46M","0,82%"
"17.01.2020","89,00","88,45","89,20","88,31","5,88M","0,82%"
"16.01.2020","88,28","87,94","88,31","87,42","5,02M","1,03%"
"15.01.2020","87,38","86,11","87,85","86,11","5,39M","1,91%"
"14.01.2020","85,74","84,13","86,00","84,01","8,75M","0,73%"
"13.01.2020","85,12","85,50","85,73","84,74","5,57M","-0,28%"
"10.01.2020","85,36","86,79","86,99","85,17","4,68M","-1,25%"
"09.01.2020","86,44","86,30","86,68","85,75","6,43M","0,27%"
"08.01.2020","86,21","86,24","86,66","85,93","5,69M","0,41%"
"07.01.2020","85,86","85,77","86,30","85,54","3,41M","-0,56%"
"06.01.2020","86,34","85,62","86,36","85,20","5,63M","0,52%"
"03.01.2020","85,89","85,75","86,67","85,59","4,75M","-1,22%"
"02.01.2020","86,95","86,06","86,96","85,80","4,40M","0,10%"
"31.12.2019","86,86","86,50","86,99","86,27","3,26M","0,07%"
"30.12.2019","86,80","87,52","87,79","86,61","2,71M","-0,69%"
"27.12.2019","87,40","87,49","87,75","87,02","2,51M","0,14%"
"26.12.2019","87,28","87,21","87,52","86,88","2,03M","0,00%"
"24.12.2019","87,28","87,37","87,47","86,98","1,07M","-0,08%"
"23.12.2019","87,35","86,31","87,46","86,28","4,07M","0,80%"
"20.12.2019","86,66","88,99","89,24","86,63","11,61M","-0,79%"
"19.12.2019","87,35","86,74","87,35","86,49","4,64M","0,48%"
"18.12.2019","86,93","87,08","87,27","86,61","5,83M","-0,15%"
"17.12.2019","87,06","86,58","87,30","86,00","5,37M","0,76%"
"16.12.2019","86,40","86,95","87,10","86,30","3,84M","0,06%"
"13.12.2019","86,35","85,78","86,71","85,78","3,87M","0,44%"
"12.12.2019","85,97","84,78","86,28","84,64","4,16M","1,25%"
"11.12.2019","84,91","84,62","85,04","84,21","2,94M","0,41%"
"10.12.2019","84,56","83,88","84,62","83,76","3,90M","0,82%"
"09.12.2019","83,87","85,12","85,42","83,83","4,31M","-1,88%"
"06.12.2019","85,48","85,67","85,91","85,38","4,10M","0,28%"
"05.12.2019","85,24","85,12","85,42","84,33","3,28M","0,07%"
"04.12.2019","85,18","84,50","85,34","84,44","3,95M","0,97%"
"03.12.2019","84,36","83,59","84,42","83,27","3,22M","-0,18%"
"02.12.2019","84,51","85,57","85,72","83,98","3,80M","-1,10%"
"29.11.2019","85,45","85,30","85,65","84,84","2,41M","0,04%"
"27.11.2019","85,42","85,97","85,97","85,16","2,87M","0,00%"
"26.11.2019","85,42","84,65","85,57","84,32","8,76M","1,10%"
"25.11.2019","84,49","83,91","84,81","83,88","5,70M","0,90%"
"22.11.2019","83,74","83,95","84,02","82,79","3,96M","0,07%"
"21.11.2019","83,68","83,72","83,80","82,36","5,21M","-0,25%"
"20.11.2019","83,89","84,34","84,73","83,20","5,42M","-0,47%"
"19.11.2019","84,29","84,62","84,64","83,90","4,15M","0,04%"
"18.11.2019","84,26","85,71","85,90","84,02","5,81M","-1,69%"
"15.11.2019","85,71","84,67","85,71","84,40","5,45M","1,89%"
"14.11.2019","84,12","84,09","84,39","83,68","4,48M","-0,12%"
"13.11.2019","84,22","83,96","84,42","83,27","4,03M","-0,14%"
"12.11.2019","84,34","83,66","84,78","83,66","3,70M","0,69%"
"11.11.2019","83,76","83,31","83,90","83,31","3,14M","0,02%"
"08.11.2019","83,74","83,33","83,89","83,18","3,46M","0,42%"
"07.11.2019","83,39","83,13","83,58","82,91","6,02M","0,32%"
"06.11.2019","83,12","82,50","83,44","82,38","4,49M","0,95%"
"05.11.2019","82,34","82,87","82,90","80,90","8,24M","0,15%"
"04.11.2019","82,22","83,04","83,21","82,22","5,51M","-0,53%"
"01.11.2019","82,66","84,09","84,29","82,61","5,12M","-1,14%"
"31.10.2019","83,61","83,77","84,35","82,92","4,61M","-0,48%"
"30.10.2019","84,01","83,32","84,09","82,90","3,53M","0,67%"
"29.10.2019","83,45","82,45","83,86","82,29","4,61M","0,96%"
"28.10.2019","82,66","81,80","82,89","81,76","4,77M","1,24%"
"25.10.2019","81,65","81,45","81,97","81,08","4,87M","0,36%"
"24.10.2019","81,36","81,59","82,09","81,20","4,48M","0,11%"
"23.10.2019","81,27","80,69","81,60","80,41","4,34M","0,91%"
"22.10.2019","80,54","81,81","82,28","80,50","4,82M","-1,36%"
"21.10.2019","81,65","83,14","83,28","81,52","5,59M","-1,38%"
"18.10.2019","82,79","82,41","83,32","82,03","5,22M","0,50%"
"17.10.2019","82,38","81,52","83,00","81,47","4,18M","0,73%"
"16.10.2019","81,78","81,36","83,69","79,65","10,76M","-0,24%"
"15.10.2019","81,98","80,70","82,75","80,70","6,49M","2,71%"
"14.10.2019","79,82","79,69","80,19","79,42","4,29M","0,24%"
"11.10.2019","79,63","80,73","81,33","79,55","4,43M","-0,64%"
"10.10.2019","80,14","79,09","80,46","79,07","5,23M","0,81%"
"09.10.2019","79,50","79,31","79,81","78,88","4,03M","1,26%"
"08.10.2019","78,51","80,56","80,56","78,51","6,14M","-3,12%"
"07.10.2019","81,04","81,40","81,98","80,97","2,72M","-1,16%"
"04.10.2019","81,99","81,30","82,32","81,29","3,40M","1,13%"
"03.10.2019","81,07","79,25","81,13","78,77","4,12M","1,94%"
"02.10.2019","79,53","81,40","81,55","78,77","5,77M","-2,82%"
"01.10.2019","81,84","84,03","84,77","81,77","4,69M","-2,19%"
"30.09.2019","83,67","82,19","84,39","82,19","4,35M","2,24%"
"27.09.2019","81,84","83,04","83,34","81,42","3,40M","-0,99%"
"26.09.2019","82,66","83,28","83,38","82,09","3,27M","-0,24%"
"25.09.2019","82,86","82,40","83,05","82,10","3,58M","0,51%"
"24.09.2019","82,44","83,66","84,03","82,22","3,77M","-0,87%"
"23.09.2019","83,16","83,43","83,72","83,13","2,52M","-0,50%"
"20.09.2019","83,58","83,51","83,88","82,87","7,18M","0,42%"
"19.09.2019","83,23","83,83","84,25","83,10","3,42M","-0,49%"
"18.09.2019","83,64","83,58","84,16","82,85","3,05M","0,07%"
"17.09.2019","83,58","83,40","84,50","83,21","3,60M","0,26%"
"16.09.2019","83,36","83,91","83,91","83,03","3,99M","-1,08%"
"13.09.2019","84,27","85,30","85,36","83,89","3,63M","-1,10%"
"12.09.2019","85,21","85,03","85,99","84,91","3,52M","0,82%"
"11.09.2019","84,52","82,45","84,56","82,25","4,46M","1,57%"
"10.09.2019","83,21","83,44","83,48","81,02","5,61M","-1,20%"
"09.09.2019","84,22","86,34","86,43","83,87","4,44M","-2,12%"
"06.09.2019","86,04","86,23","86,43","85,60","4,45M","0,16%"
"05.09.2019","85,90","85,00","86,16","84,56","4,36M","1,99%"
"04.09.2019","84,22","84,50","84,70","83,78","3,67M","0,19%"
"03.09.2019","84,06","84,43","84,64","83,26","4,06M","-1,48%"
"30.08.2019","85,32","85,47","85,62","84,63","3,63M","0,59%"
"29.08.2019","84,82","85,00","85,11","84,47","3,76M","0,71%"
"28.08.2019","84,22","83,20","84,26","83,06","3,89M","0,68%"
"27.08.2019","83,65","83,82","84,20","83,22","4,85M","0,64%"
"26.08.2019","83,12","82,61","83,18","82,02","3,52M","1,45%"
"23.08.2019","81,93","83,84","84,25","81,36","6,23M","-2,89%"
"22.08.2019","84,37","84,92","85,31","83,64","3,21M","-0,62%"
"21.08.2019","84,90","85,05","85,15","84,29","3,89M","0,43%"
"20.08.2019","84,54","85,95","86,01","84,48","3,32M","-1,19%"
"19.08.2019","85,56","85,79","86,13","85,33","4,58M","0,92%"
"16.08.2019","84,78","84,74","85,08","84,27","5,79M","1,00%"
"15.08.2019","83,94","84,16","84,73","83,52","4,95M","0,00%"
"14.08.2019","83,94","85,88","86,31","83,91","4,11M","-3,40%"
"13.08.2019","86,89","85,32","87,10","84,98","4,89M","2,63%"
"12.08.2019","84,66","86,39","86,51","84,33","3,65M","-2,26%"
"09.08.2019","86,62","85,63","87,05","85,43","5,10M","1,24%"
"08.08.2019","85,56","85,11","86,27","85,01","6,44M","1,13%"
"07.08.2019","84,60","83,80","85,00","82,31","5,50M","-0,31%"
"06.08.2019","84,86","83,81","84,89","83,68","4,42M","2,04%"
"05.08.2019","83,16","84,73","84,88","82,42","6,25M","-3,10%"
"02.08.2019","85,82","85,95","86,20","84,74","4,76M","-0,30%"
"01.08.2019","86,08","87,18","88,06","85,64","7,02M","-1,17%"
"31.07.2019","87,10","88,18","88,40","86,37","6,20M","-1,37%"
"30.07.2019","88,31","88,18","88,73","87,85","2,86M","-0,27%"
"29.07.2019","88,55","88,06","88,61","87,38","3,62M","0,91%"
"26.07.2019","87,75","88,35","88,62","87,30","4,18M","-0,28%"
"25.07.2019","88,00","88,27","88,47","87,74","4,67M","-0,67%"
"24.07.2019","88,59","88,45","88,69","87,59","3,88M","-0,17%"
"23.07.2019","88,74","88,10","88,76","87,53","4,05M","0,76%"
"22.07.2019","88,07","87,36","88,71","87,27","6,57M","0,66%"
"19.07.2019","87,49","88,29","88,33","87,45","5,82M","-0,31%"
"18.07.2019","87,76","86,24","87,84","85,32","8,31M","2,33%"
"17.07.2019","85,76","85,89","86,75","85,43","9,38M","3,13%"
"16.07.2019","83,16","84,11","84,24","82,90","3,89M","-0,78%"
"15.07.2019","83,81","83,81","84,24","83,41","5,18M","-0,13%"
"12.07.2019","83,92","85,28","85,44","83,06","5,67M","-2,16%"
"11.07.2019","85,77","85,65","85,99","85,19","3,65M","0,46%"
"10.07.2019","85,38","85,68","85,88","85,15","4,32M","0,13%"
"09.07.2019","85,27","84,96","85,37","84,82","3,13M","0,21%"
"08.07.2019","85,09","85,28","85,28","84,69","3,59M","-0,39%"
"05.07.2019","85,42","85,16","85,50","84,64","3,78M","-0,26%"
"03.07.2019","85,64","85,05","85,65","84,92","2,44M","0,81%"
"02.07.2019","84,95","84,75","84,96","84,15","4,02M","0,54%"
"01.07.2019","84,49","84,74","84,98","83,75","4,53M","0,46%"
"28.06.2019","84,10","83,82","84,26","83,12","16,44M","0,49%"
"27.06.2019","83,69","83,39","83,97","83,07","4,11M","0,88%"
"26.06.2019","82,96","84,05","84,37","82,63","5,73M","-1,52%"
"25.06.2019","84,24","84,94","85,45","84,24","4,92M","-0,55%"
"24.06.2019","84,71","84,78","85,33","84,64","4,53M","-0,34%"
"21.06.2019","85,00","85,36","85,36","84,41","8,86M","0,07%"
"20.06.2019","84,94","84,84","85,32","84,32","6,44M","0,72%"
"19.06.2019","84,33","83,40","84,50","83,05","4,11M","1,09%"
"18.06.2019","83,42","82,45","83,59","81,92","6,25M","1,67%"
"17.06.2019","82,05","82,39","82,58","81,67","4,10M","-0,21%"
"14.06.2019","82,22","82,17","82,86","82,02","4,77M","-0,09%"
"13.06.2019","82,29","81,98","82,33","81,75","5,22M","0,41%"
"12.06.2019","81,95","81,29","81,97","81,25","3,33M","1,02%"
"11.06.2019","81,12","81,79","82,00","80,63","3,91M","-0,18%"
"10.06.2019","81,27","81,00","81,50","80,44","3,93M","0,66%"
"07.06.2019","80,74","80,49","81,16","80,30","5,14M","0,81%"
"06.06.2019","80,09","78,85","80,43","78,64","5,97M","1,78%"
"05.06.2019","78,69","77,84","78,85","77,83","5,29M","1,59%"
"04.06.2019","77,46","76,25","77,61","76,16","5,84M","2,31%"
"03.06.2019","75,71","76,25","76,79","75,44","6,29M","-0,55%"
"31.05.2019","76,13","75,97","76,52","75,60","6,57M","-0,51%"
"30.05.2019","76,52","76,01","76,59","75,87","3,60M","1,12%"
"29.05.2019","75,67","75,37","75,97","74,94","4,01M","-0,05%"
"28.05.2019","75,71","77,03","77,98","75,68","5,42M","-1,65%"
"24.05.2019","76,98","76,02","77,08","75,96","4,87M","1,79%"
"23.05.2019","75,63","76,14","76,14","75,32","5,51M","-0,83%"
"22.05.2019","76,26","76,14","76,59","75,85","3,06M","0,30%"
"21.05.2019","76,03","76,56","76,82","76,02","3,82M","0,34%"
"20.05.2019","75,77","75,60","75,96","75,20","4,49M","-0,26%"
"17.05.2019","75,97","76,29","77,21","75,96","5,17M","-0,82%"
"16.05.2019","76,60","76,52","77,37","76,17","6,10M","0,12%"
"15.05.2019","76,51","75,50","77,02","75,22","4,39M","0,63%"
"14.05.2019","76,03","75,64","76,77","75,63","5,32M","0,70%"
"13.05.2019","75,50","75,17","75,78","74,96","5,17M","-1,24%"
"10.05.2019","76,45","76,21","76,66","74,53","3,99M","0,04%"
"09.05.2019","76,42","75,66","76,48","74,88","3,74M","0,26%"
"08.05.2019","76,22","76,93","76,97","76,14","4,36M","-0,90%"
"07.05.2019","76,91","78,50","78,87","76,20","5,32M","-2,73%"
"06.05.2019","79,07","77,42","79,17","77,35","4,01M","0,48%"
"03.05.2019","78,69","78,83","79,13","78,26","5,45M","-0,11%"
"02.05.2019","78,78","78,42","78,87","77,91","5,11M","0,05%"
"01.05.2019","78,74","79,35","79,47","78,29","6,70M","-1,03%"
"30.04.2019","79,56","78,27","79,69","77,93","5,51M","1,65%"
"29.04.2019","78,27","78,56","78,63","77,58","4,36M","-0,37%"
"26.04.2019","78,56","78,46","78,57","77,53","4,29M","0,58%"
"25.04.2019","78,11","76,62","78,17","76,37","6,01M","1,77%"
"24.04.2019","76,75","76,05","76,87","75,67","6,24M","0,85%"
"23.04.2019","76,10","74,63","76,41","74,43","6,82M","2,13%"
"22.04.2019","74,51","73,13","74,60","73,00","5,81M","0,80%"
"18.04.2019","73,92","73,64","74,90","72,75","9,71M","1,43%"
"17.04.2019","72,88","76,18","76,29","72,36","11,21M","-4,58%"
"16.04.2019","76,38","77,94","78,70","76,06","6,23M","-1,45%"
"15.04.2019","77,50","78,11","78,45","77,46","6,10M","-0,65%"
"12.04.2019","78,01","78,37","78,85","77,82","5,48M","-0,64%"
"11.04.2019","78,51","79,19","79,23","78,35","4,43M","-0,58%"
"10.04.2019","78,97","78,72","79,42","78,56","5,60M","0,38%"
"09.04.2019","78,67","78,24","78,96","78,06","4,84M","0,19%"
"08.04.2019","78,52","78,91","78,91","77,95","5,18M","-0,61%"
"05.04.2019","79,00","78,90","79,36","78,39","3,43M","0,48%"
"04.04.2019","78,62","79,47","79,51","78,00","4,67M","-1,11%"
"03.04.2019","79,50","79,97","80,00","79,15","3,97M","-0,15%"
"02.04.2019","79,62","79,83","79,83","79,07","3,72M","-0,05%"
"01.04.2019","79,66","80,67","80,74","79,21","4,84M","-0,35%"
"29.03.2019","79,94","79,86","79,99","79,11","5,89M","0,63%"
"28.03.2019","79,44","79,16","79,66","78,72","5,68M","0,90%"
"27.03.2019","78,73","79,00","79,31","77,89","4,10M","-0,34%"
"26.03.2019","79,00","78,89","79,50","78,68","3,60M","0,98%"
"25.03.2019","78,23","77,81","78,67","77,62","3,84M","0,33%"
"22.03.2019","77,97","79,81","80,00","77,69","7,53M","-2,61%"
"21.03.2019","80,06","79,45","80,49","79,32","5,90M","0,15%"
"20.03.2019","79,94","79,87","80,43","79,11","5,39M","-0,03%"
"19.03.2019","79,96","79,18","80,25","79,02","6,05M","1,43%"
"18.03.2019","78,83","79,95","79,95","77,97","7,67M","-1,29%"
"15.03.2019","79,86","79,03","80,15","78,92","11,99M","1,11%"
"14.03.2019","78,98","78,50","79,07","78,14","5,73M","0,46%"
"13.03.2019","78,62","78,67","79,14","78,07","6,48M","0,49%"
"12.03.2019","78,24","77,99","78,48","77,62","4,24M","0,55%"
"11.03.2019","77,81","76,92","77,85","76,70","4,25M","1,54%"
"08.03.2019","76,63","76,35","76,68","75,86","3,90M","-0,22%"
"07.03.2019","76,80","77,69","77,95","76,61","5,29M","-1,16%"
"06.03.2019","77,70","78,11","78,22","77,52","4,18M","-0,66%"
"05.03.2019","78,22","78,56","78,91","78,13","6,55M","-0,51%"
"04.03.2019","78,62","78,84","78,97","77,47","5,96M","0,04%"
"01.03.2019","78,59","77,99","78,74","77,68","5,39M","1,25%"
"28.02.2019","77,62","77,01","78,06","77,01","6,76M","0,50%"
"27.02.2019","77,23","76,45","77,33","76,33","5,71M","0,63%"
"26.02.2019","76,75","76,58","77,12","76,38","5,30M","-0,14%"
"25.02.2019","76,86","76,39","77,05","76,24","5,71M","0,96%"
"22.02.2019","76,13","75,35","76,45","75,35","5,30M","1,32%"
"21.02.2019","75,14","75,11","75,47","74,66","5,61M","-0,53%"
"20.02.2019","75,54","74,83","75,57","74,60","6,32M","0,72%"
"19.02.2019","75,00","75,16","75,57","74,72","4,50M","-0,33%"
"15.02.2019","75,25","74,56","75,40","74,33","8,08M","1,73%"
"14.02.2019","73,97","74,08","74,36","73,74","4,86M","-0,55%"
"13.02.2019","74,38","75,04","75,27","74,06","5,70M","-0,91%"
"12.02.2019","75,06","73,99","75,23","73,72","7,04M","2,07%"
"11.02.2019","73,54","73,48","73,84","73,29","4,78M","0,29%"
"08.02.2019","73,33","72,16","73,48","72,12","6,06M","0,81%"
"07.02.2019","72,74","72,99","73,06","71,50","6,86M","-1,02%"
"06.02.2019","73,49","72,90","73,56","72,63","4,85M","0,52%"
"05.02.2019","73,11","72,90","73,29","72,68","4,30M","0,84%"
"04.02.2019","72,50","72,39","72,69","71,71","5,28M","0,19%"
"01.02.2019","72,36","73,02","73,24","71,97","5,02M","-0,85%"
"31.01.2019","72,98","71,31","73,07","71,14","10,42M","1,81%"
"30.01.2019","71,68","69,91","71,80","69,69","8,15M","2,86%"
"29.01.2019","69,69","69,09","69,94","68,80","5,98M","0,93%"
"28.01.2019","69,05","70,52","70,63","68,89","5,94M","-2,95%"
"25.01.2019","71,15","71,27","71,77","70,79","4,83M","0,41%"
"24.01.2019","70,86","70,00","71,00","69,32","6,44M","1,36%"
"23.01.2019","69,91","70,50","71,55","69,27","10,20M","-2,21%"
"22.01.2019","71,49","70,97","71,67","70,69","6,54M","0,10%"
"18.01.2019","71,42","70,99","71,74","70,78","9,40M","1,28%"
"17.01.2019","70,52","69,87","70,97","69,77","5,43M","1,00%"
"16.01.2019","69,82","70,50","70,76","69,74","6,36M","-0,92%"
"15.01.2019","70,47","68,41","70,52","68,36","6,31M","3,22%"
"14.01.2019","68,27","68,41","68,80","68,13","5,12M","-1,53%"
"11.01.2019","69,33","68,60","69,36","68,45","6,58M","0,36%"
"10.01.2019","69,08","68,68","69,44","68,45","8,05M","-0,52%"
"09.01.2019","69,44","68,93","69,85","68,80","6,09M","1,67%"
"08.01.2019","68,30","69,55","69,64","67,00","8,91M","-1,20%"
"07.01.2019","69,13","68,19","69,86","68,18","9,50M","1,50%"
"04.01.2019","68,11","67,12","68,58","66,99","8,30M","2,85%"
"03.01.2019","66,22","68,74","68,88","65,50","10,57M","-4,72%"
"02.01.2019","69,50","70,39","70,96","69,07","8,74M","-3,91%"
"31.12.2018","72,33","71,57","72,76","71,48","6,09M","1,74%"
"28.12.2018","71,09","71,05","72,05","70,30","6,21M","0,65%"
"27.12.2018","70,63","68,41","70,63","67,79","6,71M","1,45%"
"26.12.2018","69,62","65,90","69,64","65,90","7,58M","6,19%"
"24.12.2018","65,56","66,82","67,05","65,44","4,03M","-2,54%"
"21.12.2018","67,27","68,07","69,13","67,02","14,24M","-1,62%"
"20.12.2018","68,38","68,34","68,90","66,99","11,69M","-0,90%"
"19.12.2018","69,00","70,34","71,47","68,19","7,34M","-1,54%"
"18.12.2018","70,08","70,85","70,90","69,31","8,39M","0,47%"
"17.12.2018","69,75","70,38","70,86","69,16","7,26M","-1,43%"
"14.12.2018","70,76","71,32","71,50","70,37","5,67M","-1,97%"
"13.12.2018","72,18","72,71","73,14","71,58","6,26M","-0,48%"
"12.12.2018","72,53","72,81","73,86","72,49","6,88M","0,96%"
"11.12.2018","71,84","71,66","72,54","71,30","7,57M","1,30%"
"10.12.2018","70,92","70,04","71,30","68,79","5,83M","1,39%"
"07.12.2018","69,95","71,75","71,83","69,19","7,95M","-2,22%"
"06.12.2018","71,54","70,59","71,54","69,92","10,27M","0,06%"
"04.12.2018","71,50","74,24","74,25","71,43","7,62M","-3,73%"
"03.12.2018","74,27","74,29","74,92","73,56","6,43M","0,30%"
"30.11.2018","74,05","73,93","74,23","73,06","8,03M","1,08%"
"29.11.2018","73,26","72,43","73,70","72,37","6,45M","0,59%"
"28.11.2018","72,83","70,10","72,84","70,10","7,92M","4,48%"
"27.11.2018","69,71","68,71","69,75","68,38","6,76M","1,31%"
"26.11.2018","68,81","68,73","69,27","68,45","6,13M","1,03%"
"23.11.2018","68,11","67,94","68,68","67,83","3,26M","-0,61%"
"21.11.2018","68,53","69,35","69,72","68,25","5,79M","-0,77%"
"20.11.2018","69,06","70,39","70,75","68,86","8,22M","-2,10%"
"19.11.2018","70,54","72,00","72,41","70,28","7,22M","-2,08%"
"16.11.2018","72,04","70,48","72,33","70,36","9,86M","1,85%"
"15.11.2018","70,73","68,93","70,75","67,94","6,85M","1,90%"
"14.11.2018","69,41","70,10","70,47","68,96","5,40M","-0,12%"
"13.11.2018","69,49","70,87","71,18","69,25","6,57M","-1,52%"
"12.11.2018","70,56","72,73","72,90","70,40","6,27M","-3,06%"
"09.11.2018","72,79","72,88","73,06","72,09","4,25M","-0,23%"
"08.11.2018","72,96","72,00","73,08","71,95","4,68M","0,63%"
"07.11.2018","72,50","71,69","72,61","71,58","6,40M","2,17%"
"06.11.2018","70,96","70,33","71,00","70,22","3,68M","0,81%"
"05.11.2018","70,39","70,48","71,00","69,99","8,56M","0,28%"
"02.11.2018","70,19","70,75","71,38","69,59","5,31M","0,06%"
"01.11.2018","70,15","69,09","70,35","68,74","6,25M","1,76%"
"31.10.2018","68,94","68,70","69,91","68,52","7,79M","1,38%"
"30.10.2018","68,00","67,77","68,34","67,22","7,99M","1,03%"
"29.10.2018","67,31","68,00","68,37","66,39","7,53M","0,48%"
"26.10.2018","66,99","66,75","67,69","65,78","8,38M","-1,00%"
"25.10.2018","67,67","67,20","68,33","66,34","9,06M","1,09%"
"24.10.2018","66,94","68,73","69,20","66,82","8,13M","-2,38%"
"23.10.2018","68,57","67,58","69,03","66,99","7,45M","0,07%"
"22.10.2018","68,52","67,74","68,85","67,35","6,92M","1,38%"
"19.10.2018","67,59","68,13","68,65","67,23","7,35M","-0,81%"
"18.10.2018","68,14","69,58","69,72","67,47","10,96M","-2,98%"
"17.10.2018","70,23","70,40","70,69","69,17","11,01M","-1,01%"
"16.10.2018","70,95","69,55","71,18","69,30","7,64M","3,28%"
"15.10.2018","68,70","69,34","69,38","68,22","6,67M","-0,91%"
"12.10.2018","69,33","69,37","69,98","68,60","10,43M","1,39%"
"11.10.2018","68,38","68,92","69,47","67,65","11,93M","-0,78%"
"10.10.2018","68,92","71,05","71,21","68,78","10,56M","-3,32%"
"09.10.2018","71,29","71,24","71,59","70,87","4,81M","-0,21%"
"08.10.2018","71,44","71,58","72,39","70,60","5,52M","-0,20%"
"05.10.2018","71,58","71,82","72,46","71,05","5,43M","-0,33%"
"04.10.2018","71,82","71,77","71,87","71,07","6,17M","-0,31%"
"03.10.2018","72,04","73,81","73,90","71,90","7,48M","-2,40%"
"02.10.2018","73,81","74,00","74,05","73,42","6,25M","-0,42%"
"01.10.2018","74,12","73,81","74,15","73,54","7,21M","1,04%"
"28.09.2018","73,36","72,78","73,58","72,77","6,57M","0,47%"
"27.09.2018","73,02","73,02","73,18","72,69","5,49M","0,25%"
"26.09.2018","72,84","72,06","73,29","71,98","8,85M","0,89%"
"25.09.2018","72,20","71,74","72,23","71,41","8,26M","1,06%"
"24.09.2018","71,44","70,79","71,68","70,32","10,11M","3,46%"
"21.09.2018","69,05","68,90","69,25","68,88","9,33M","0,38%"
"20.09.2018","68,79","68,63","69,01","68,40","5,04M","0,42%"
"19.09.2018","68,50","68,52","68,96","68,39","3,42M","0,13%"
"18.09.2018","68,41","67,76","68,57","67,76","5,02M","1,09%"
"17.09.2018","67,67","68,42","68,42","67,51","4,26M","-1,10%"
"14.09.2018","68,42","68,51","68,82","68,36","4,22M","-0,12%"
"13.09.2018","68,50","67,23","68,54","67,15","6,05M","2,28%"
"12.09.2018","66,97","66,60","67,12","66,60","3,23M","0,56%"
"11.09.2018","66,60","66,38","66,82","66,11","3,19M","0,08%"
"10.09.2018","66,55","66,45","66,93","66,44","3,48M","0,51%"
"07.09.2018","66,21","65,79","66,46","65,69","4,06M","0,58%"
"06.09.2018","65,83","66,01","66,20","65,22","7,27M","-0,26%"
"05.09.2018","66,00","66,96","66,96","65,54","6,55M","-1,65%"
"04.09.2018","67,11","66,74","67,11","66,56","4,90M","0,40%"
"31.08.2018","66,84","66,96","67,24","66,59","5,89M","-0,27%"
"30.08.2018","67,02","66,94","67,31","66,75","4,14M","-0,16%"
"29.08.2018","67,13","66,72","67,36","66,63","4,45M","0,51%"
"28.08.2018","66,79","67,03","67,11","66,67","4,09M","-0,07%"
"27.08.2018","66,84","66,45","66,89","66,33","3,50M","1,12%"
"24.08.2018","66,10","65,90","66,26","65,79","3,83M","0,41%"
"23.08.2018","65,83","65,67","66,17","65,64","4,43M","0,24%"
"22.08.2018","65,67","64,51","65,81","64,48","5,20M","1,42%"
"21.08.2018","64,75","64,91","65,07","64,50","4,05M","0,17%"
"20.08.2018","64,64","65,00","65,13","64,38","5,08M","-0,12%"
"17.08.2018","64,72","64,24","64,92","64,03","4,77M","0,87%"
"16.08.2018","64,16","63,79","64,34","63,60","3,71M","1,09%"
"15.08.2018","63,47","63,45","63,56","63,07","3,72M","-0,25%"
"14.08.2018","63,63","63,45","63,92","63,38","3,25M","0,32%"
"13.08.2018","63,43","64,02","64,32","63,36","4,41M","-0,94%"
"10.08.2018","64,03","64,44","64,60","63,87","3,84M","-0,94%"
"09.08.2018","64,64","64,79","65,06","64,58","2,58M","-0,31%"
"08.08.2018","64,84","64,74","65,31","64,56","4,10M","0,15%"
"07.08.2018","64,74","65,18","65,32","64,73","3,33M","-0,77%"
"06.08.2018","65,24","65,09","65,50","64,96","3,69M","0,02%"
"03.08.2018","65,23","64,77","65,24","64,44","3,95M","1,01%"
"02.08.2018","64,58","64,50","64,78","63,91","4,71M","-0,31%"
"01.08.2018","64,78","65,35","65,75","64,71","4,16M","-1,16%"
"31.07.2018","65,54","65,37","65,77","65,26","5,40M","0,57%"
"30.07.2018","65,17","64,97","65,51","64,97","5,11M","-0,14%"
"27.07.2018","65,26","65,51","65,80","64,96","4,30M","-0,61%"
"26.07.2018","65,66","65,36","65,90","64,87","5,52M","0,66%"
"25.07.2018","65,23","64,16","65,36","64,12","6,24M","1,29%"
"24.07.2018","64,40","63,55","64,61","63,42","6,55M","1,90%"
"23.07.2018","63,20","63,26","63,29","62,87","4,79M","-0,19%"
"20.07.2018","63,32","63,61","64,04","63,28","5,81M","-0,72%"
"19.07.2018","63,78","64,68","64,97","63,51","6,76M","-1,50%"
"18.07.2018","64,75","64,31","65,50","64,20","10,65M","3,11%"
"17.07.2018","62,80","61,84","63,26","61,55","7,95M","1,65%"
"16.07.2018","61,78","62,95","63,00","61,71","5,76M","-2,03%"
"13.07.2018","63,06","62,75","63,44","62,72","5,33M","0,51%"
"12.07.2018","62,74","62,50","62,80","62,38","3,74M","0,27%"
"11.07.2018","62,57","62,56","62,88","62,33","3,41M","-0,38%"
"10.07.2018","62,81","62,56","63,12","62,47","3,96M","0,59%"
"09.07.2018","62,44","62,23","62,63","62,14","3,65M","0,45%"
"06.07.2018","62,16","61,57","62,40","61,26","3,65M","1,35%"
"05.07.2018","61,33","61,19","61,41","60,76","4,07M","0,86%"
"03.07.2018","60,81","60,97","61,23","60,63","2,25M","-0,31%"
"02.07.2018","61,00","60,63","61,02","60,32","4,37M","0,02%"
"29.06.2018","60,99","61,49","61,87","60,92","5,81M","-0,46%"
"28.06.2018","61,27","60,46","61,48","60,46","4,24M","1,29%"
"27.06.2018","60,49","61,21","62,14","60,49","6,67M","-0,53%"
"26.06.2018","60,81","60,64","61,09","60,49","4,30M","0,07%"
"25.06.2018","60,77","61,70","61,77","60,32","6,01M","-1,89%"
"22.06.2018","61,94","62,23","62,39","61,66","5,00M","0,31%"
"21.06.2018","61,75","61,97","62,10","61,45","4,07M","-0,63%"
"20.06.2018","62,14","62,21","62,49","62,04","5,12M","-0,32%"
"19.06.2018","62,34","62,24","62,41","61,92","5,30M","-0,76%"
"18.06.2018","62,82","62,59","62,87","62,28","3,67M","-0,14%"
"15.06.2018","62,91","62,86","63,08","62,26","11,86M","-0,08%"
"14.06.2018","62,96","62,86","63,23","62,74","3,98M","0,53%"
"13.06.2018","62,63","63,06","63,16","62,47","6,19M","-0,46%"
"12.06.2018","62,92","63,27","63,42","62,61","4,87M","-0,33%"
"11.06.2018","63,13","63,28","63,48","62,90","5,34M","-0,22%"
"08.06.2018","63,27","63,01","63,41","62,84","4,67M","0,14%"
"07.06.2018","63,18","63,56","63,85","62,87","3,83M","-0,57%"
"06.06.2018","63,54","63,11","63,55","62,77","4,06M","0,81%"
"05.06.2018","63,03","63,09","63,30","62,61","4,47M","0,02%"
"04.06.2018","63,02","62,32","63,11","62,28","4,06M","0,98%"
"01.06.2018","62,41","61,96","62,48","61,85","3,60M","1,43%"
"31.05.2018","61,53","61,90","62,23","61,51","6,32M","-0,87%"
"30.05.2018","62,07","61,78","62,65","61,44","5,95M","1,26%"
"29.05.2018","61,30","61,58","61,87","60,85","4,97M","-1,72%"
"25.05.2018","62,37","62,49","62,58","62,06","3,84M","-0,22%"
"24.05.2018","62,51","61,89","62,72","61,89","5,78M","1,08%"
"23.05.2018","61,84","61,22","61,97","61,22","4,32M","0,73%"
"22.05.2018","61,39","62,10","62,29","60,96","6,80M","-1,16%"
"21.05.2018","62,11","62,00","62,49","61,79","4,61M","0,65%"
"18.05.2018","61,71","61,02","61,87","60,94","6,36M","1,06%"
"17.05.2018","61,06","60,80","61,16","60,37","4,16M","0,48%"
"16.05.2018","60,77","60,57","61,15","60,40","3,59M","0,38%"
"15.05.2018","60,54","61,44","61,58","60,32","5,33M","-2,39%"
"14.05.2018","62,02","61,50","62,17","61,39","7,71M","1,24%"
"11.05.2018","61,26","60,22","61,30","60,22","5,77M","1,16%"
"10.05.2018","60,56","59,63","60,61","59,36","4,79M","1,95%"
"09.05.2018","59,40","58,81","59,58","58,42","4,10M","1,18%"
"08.05.2018","58,71","59,12","59,13","58,24","6,78M","-1,03%"
"07.05.2018","59,32","58,99","59,76","58,94","5,66M","0,99%"
"04.05.2018","58,74","57,64","59,08","57,48","5,83M","1,40%"
"03.05.2018","57,93","57,79","57,94","56,81","5,64M","0,14%"
"02.05.2018","57,85","58,49","58,56","57,67","4,52M","-1,65%"
"01.05.2018","58,82","57,70","58,87","57,55","6,41M","1,19%"
"30.04.2018","58,13","59,76","59,80","58,10","6,10M","-2,40%"
"27.04.2018","59,56","59,49","59,69","59,14","4,14M","0,10%"
"26.04.2018","59,50","58,69","59,52","58,49","7,37M","1,45%"
"25.04.2018","58,65","58,04","58,67","57,70","5,91M","0,58%"
"24.04.2018","58,31","59,09","59,17","57,66","7,48M","-0,90%"
"23.04.2018","58,84","59,28","59,46","58,59","4,52M","-0,59%"
"20.04.2018","59,19","59,85","59,95","58,81","5,87M","-1,15%"
"19.04.2018","59,88","59,52","60,03","59,20","7,68M","0,60%"
"18.04.2018","59,52","59,00","59,62","57,45","12,65M","-0,47%"
"17.04.2018","59,80","59,65","59,96","59,05","5,60M","0,89%"
"16.04.2018","59,27","59,00","59,53","58,92","6,81M","1,33%"
"13.04.2018","58,49","59,18","59,38","58,47","8,22M","-0,58%"
"12.04.2018","58,83","58,50","59,18","58,46","4,57M","0,65%"
"11.04.2018","58,45","58,64","59,05","58,21","4,04M","-1,17%"
"10.04.2018","59,14","59,02","59,61","58,71","5,24M","1,58%"
"09.04.2018","58,22","57,86","59,11","57,45","5,71M","1,13%"
"06.04.2018","57,57","59,44","59,60","56,99","7,45M","-3,83%"
"05.04.2018","59,86","59,90","60,15","59,55","6,64M","0,67%"
"04.04.2018","59,46","58,34","59,61","57,45","7,41M","0,78%"
"03.04.2018","59,00","58,40","59,07","58,00","6,11M","1,36%"
"02.04.2018","58,21","59,82","60,09","57,63","6,69M","-2,85%"
"29.03.2018","59,92","59,57","60,38","59,30","6,66M","1,16%"
"28.03.2018","59,23","60,53","60,71","59,17","8,13M","-1,74%"
"27.03.2018","60,28","61,27","61,62","59,98","6,37M","-1,29%"
"26.03.2018","61,07","60,28","61,15","59,68","5,69M","2,64%"
"23.03.2018","59,50","61,03","61,27","59,36","6,00M","-2,35%"
"22.03.2018","60,93","61,82","62,10","60,85","5,35M","-2,39%"
"21.03.2018","62,42","62,75","63,07","62,34","3,48M","-0,37%"
"20.03.2018","62,65","62,48","62,76","62,15","3,94M","0,63%"
"19.03.2018","62,26","63,13","63,24","61,69","5,29M","-1,46%"
"16.03.2018","63,18","62,78","63,31","62,71","11,84M","0,94%"
"15.03.2018","62,59","63,05","63,13","62,52","3,36M","-0,43%"
"14.03.2018","62,86","63,42","63,62","62,73","5,16M","-0,54%"
"13.03.2018","63,20","63,89","63,95","63,01","6,43M","-0,66%"
"12.03.2018","63,62","63,59","63,95","63,41","8,86M","0,03%"
"09.03.2018","63,60","62,05","63,70","62,02","8,18M","2,80%"
"08.03.2018","61,87","61,34","61,95","61,30","5,25M","0,95%"
"07.03.2018","61,29","60,27","61,41","60,19","7,73M","0,67%"
"06.03.2018","60,88","60,59","61,02","60,10","6,62M","0,84%"
"05.03.2018","60,37","58,91","60,63","58,90","9,00M","1,53%"
"02.03.2018","59,46","58,48","59,53","58,43","7,98M","1,14%"
"01.03.2018","58,79","60,16","60,18","58,53","9,71M","-2,55%"
"28.02.2018","60,33","60,67","61,12","60,18","8,33M","-0,36%"
"27.02.2018","60,55","60,75","61,24","60,39","6,75M","0,03%"
"26.02.2018","60,53","59,86","60,59","59,73","5,36M","1,37%"
"23.02.2018","59,71","59,22","59,74","58,98","5,19M","1,22%"
"22.02.2018","58,99","59,21","59,40","58,80","5,54M","0,00%"
"21.02.2018","58,99","59,07","59,99","58,82","4,79M","-0,22%"
"20.02.2018","59,12","59,68","59,87","58,84","8,18M","-1,75%"
"16.02.2018","60,17","59,44","60,54","59,33","7,85M","1,13%"
"15.02.2018","59,50","58,72","59,51","58,33","3,87M","2,09%"
"14.02.2018","58,28","57,32","58,40","57,15","3,73M","1,11%"
"13.02.2018","57,64","57,14","57,79","56,81","5,82M","0,40%"
"12.02.2018","57,41","57,70","57,98","56,88","8,23M","0,42%"
"09.02.2018","57,17","56,63","57,69","55,58","8,03M","1,60%"
"08.02.2018","56,27","58,77","58,83","56,22","6,87M","-4,09%"
"07.02.2018","58,67","58,60","59,85","58,50","6,87M","-0,32%"
"06.02.2018","58,86","57,92","59,26","57,33","15,21M","0,22%"
"05.02.2018","58,73","61,60","61,87","58,55","11,55M","-4,80%"
"02.02.2018","61,69","62,20","62,42","61,64","12,35M","-0,79%"
"01.02.2018","62,18","61,75","62,54","61,66","8,10M","0,03%"
"31.01.2018","62,16","62,66","62,76","61,85","7,80M","-0,45%"
"30.01.2018","62,44","62,44","63,12","62,29","6,50M","-1,37%"
"29.01.2018","63,31","63,09","63,47","62,85","8,64M","-0,17%"
"26.01.2018","63,42","63,15","63,44","62,67","10,24M","0,32%"
"25.01.2018","63,22","63,18","64,60","62,32","15,26M","2,43%"
"24.01.2018","61,72","61,00","64,16","60,74","11,70M","4,20%"
"23.01.2018","59,23","59,52","59,57","58,98","8,12M","-0,57%"
"22.01.2018","59,57","58,88","59,57","58,45","6,84M","0,44%"
"19.01.2018","59,31","59,23","59,68","58,96","7,36M","0,41%"
"18.01.2018","59,07","58,78","59,27","58,53","5,66M","0,14%"
"17.01.2018","58,99","58,76","59,10","58,62","5,04M","0,94%"
"16.01.2018","58,44","58,89","59,14","58,23","7,18M","-0,68%"
"12.01.2018","58,84","58,96","59,24","58,79","6,32M","-0,19%"
"11.01.2018","58,95","58,65","58,96","58,29","4,24M","0,20%"
"10.01.2018","58,83","58,75","58,91","58,29","4,34M","-0,15%"
"09.01.2018","58,92","59,10","59,10","58,38","7,47M","0,17%"
"08.01.2018","58,82","58,85","58,98","58,52","5,41M","-0,29%"
"05.01.2018","58,99","59,04","59,09","58,63","5,84M","0,29%"
"04.01.2018","58,82","59,50","59,60","58,76","6,24M","-0,17%"
"03.01.2018","58,92","58,99","59,02","58,31","5,68M","0,22%"
"02.01.2018","58,79","58,20","59,20","57,82","10,11M","3,01%"
"29.12.2017","57,07","57,60","57,77","57,07","4,00M","-0,68%"
"28.12.2017","57,46","57,44","57,69","57,37","3,39M","-0,02%"
"27.12.2017","57,47","57,09","57,60","57,05","5,24M","0,82%"
"26.12.2017","57,00","57,01","57,24","56,90","3,19M","0,12%"
"22.12.2017","56,93","56,94","57,32","56,76","5,45M","0,00%"
"21.12.2017","56,93","57,14","57,27","56,74","6,15M","-0,16%"
"20.12.2017","57,02","56,74","57,30","56,40","11,95M","0,39%"
"19.12.2017","56,80","56,51","56,95","56,45","7,12M","0,71%"
"18.12.2017","56,40","55,52","56,52","55,42","6,05M","1,62%"
"15.12.2017","55,50","55,03","55,56","54,84","14,66M","1,41%"
"14.12.2017","54,73","55,05","55,22","54,63","5,94M","-0,60%"
"13.12.2017","55,06","55,67","55,76","54,80","9,96M","-1,15%"
"12.12.2017","55,70","55,45","55,87","55,16","9,86M","1,38%"
"11.12.2017","54,94","54,77","55,12","54,48","4,27M","0,55%"
"08.12.2017","54,64","54,66","54,85","54,33","5,10M","-0,09%"
"07.12.2017","54,69","54,76","54,94","54,35","4,42M","0,05%"
"06.12.2017","54,66","54,87","55,11","54,32","7,83M","-0,24%"
"05.12.2017","54,79","54,64","55,32","54,34","4,32M","0,15%"
"04.12.2017","54,71","56,14","56,20","54,69","4,59M","-2,27%"
"01.12.2017","55,98","56,30","56,68","55,27","5,32M","-0,69%"
"30.11.2017","56,37","55,67","56,46","55,31","10,09M","1,42%"
"29.11.2017","55,58","56,09","56,30","55,38","7,28M","-0,79%"
"28.11.2017","56,02","56,30","56,30","55,58","6,84M","-0,23%"
"27.11.2017","56,15","56,17","56,52","56,01","4,52M","0,04%"
"24.11.2017","56,13","55,85","56,19","55,74","2,15M","0,59%"
"22.11.2017","55,80","56,03","56,15","55,57","3,55M","-0,57%"
"21.11.2017","56,12","55,45","56,32","55,44","4,61M","1,50%"
"20.11.2017","55,29","55,66","55,68","55,13","3,70M","-0,49%"
"17.11.2017","55,56","55,29","55,71","55,22","6,28M","0,04%"
"16.11.2017","55,54","55,11","55,84","54,86","6,87M","1,29%"
"15.11.2017","54,83","54,78","55,08","54,54","5,00M","-0,33%"
"14.11.2017","55,01","55,05","55,21","54,76","6,18M","-0,52%"
"13.11.2017","55,30","54,69","55,37","54,56","3,85M","0,91%"
"10.11.2017","54,80","55,23","55,32","54,37","5,03M","-1,17%"
"09.11.2017","55,45","55,06","55,50","54,91","3,64M","0,36%"
"08.11.2017","55,25","54,98","55,35","54,72","3,71M","0,16%"
"07.11.2017","55,16","55,15","55,26","54,67","4,84M","0,27%"
"06.11.2017","55,01","55,32","55,40","55,01","3,13M","-0,83%"
"03.11.2017","55,47","54,57","55,50","54,47","4,57M","2,02%"
"02.11.2017","54,37","54,05","54,65","53,96","6,95M","0,69%"
"01.11.2017","54,00","53,89","54,57","53,61","7,64M","-0,42%"
"31.10.2017","54,23","54,48","54,54","54,03","7,68M","-0,11%"
"30.10.2017","54,29","55,18","55,31","54,05","7,54M","-1,95%"
"27.10.2017","55,37","55,49","55,62","55,18","4,72M","-0,20%"
"26.10.2017","55,48","55,34","55,69","55,08","5,03M","-0,02%"
"25.10.2017","55,49","55,38","55,88","55,19","6,11M","0,20%"
"24.10.2017","55,38","56,00","56,07","55,18","7,20M","-1,25%"
"23.10.2017","56,08","56,21","56,69","56,07","4,71M","-0,43%"
"20.10.2017","56,32","56,17","56,44","55,94","5,53M","0,57%"
"19.10.2017","56,00","55,90","56,18","55,41","4,87M","0,41%"
"18.10.2017","55,77","55,18","56,60","54,92","9,04M","1,29%"
"17.10.2017","55,06","54,59","55,23","54,40","5,43M","0,79%"
"16.10.2017","54,63","54,62","54,91","54,52","3,73M","-0,04%"
"13.10.2017","54,65","54,64","54,79","54,45","4,95M","-0,11%"
"12.10.2017","54,71","54,24","54,73","54,11","4,40M","0,50%"
"11.10.2017","54,44","55,26","55,35","54,32","6,94M","-1,73%"
"10.10.2017","55,40","54,77","55,43","54,53","4,94M","1,35%"
"09.10.2017","54,66","55,05","55,05","54,61","3,99M","-0,62%"
"06.10.2017","55,00","54,90","55,06","54,51","4,30M","0,15%"
"05.10.2017","54,92","54,37","55,11","54,35","5,14M","1,07%"
"04.10.2017","54,34","53,67","54,34","53,61","5,63M","1,10%"
"03.10.2017","53,75","53,75","53,99","53,70","4,46M","0,13%"
"02.10.2017","53,68","53,64","53,70","53,20","8,68M","0,60%"
"29.09.2017","53,36","53,64","53,79","53,29","8,46M","-0,52%"
"28.09.2017","53,64","54,75","54,80","53,61","14,86M","2,86%"
"27.09.2017","52,15","52,85","53,08","51,55","8,03M","-1,32%"
"26.09.2017","52,85","52,62","53,30","52,59","6,96M","0,46%"
"25.09.2017","52,61","52,46","52,78","52,31","9,78M","0,19%"
"22.09.2017","52,51","51,51","52,58","51,50","7,98M","2,10%"
"21.09.2017","51,43","51,88","51,98","51,38","5,74M","-0,89%"
"20.09.2017","51,89","51,39","51,91","51,39","4,97M","0,93%"
"19.09.2017","51,41","52,15","52,24","51,37","3,79M","-1,29%"
"18.09.2017","52,08","51,89","52,09","51,60","3,37M","0,62%"
"15.09.2017","51,76","51,75","51,88","51,49","6,70M","0,14%"
"14.09.2017","51,69","51,93","52,10","51,57","5,57M","-0,60%"
"13.09.2017","52,00","52,24","52,33","51,89","4,21M","-0,48%"
"12.09.2017","52,25","52,49","52,54","51,88","3,76M","-0,38%"
"11.09.2017","52,45","52,35","52,60","52,01","3,67M","0,83%"
"08.09.2017","52,02","51,29","52,15","51,29","6,22M","1,03%"
"07.09.2017","51,49","51,40","51,62","51,13","4,63M","0,59%"
"06.09.2017","51,19","51,20","51,41","51,06","7,72M","0,31%"
"05.09.2017","51,03","50,84","51,18","50,64","4,17M","-0,29%"
"01.09.2017","51,18","51,03","51,41","50,81","4,60M","0,47%"
"31.08.2017","50,94","50,30","51,05","50,11","6,21M","1,66%"
"30.08.2017","50,11","50,02","50,21","49,87","2,93M","-0,08%"
"29.08.2017","50,15","49,91","50,28","49,49","4,12M","-0,22%"
"28.08.2017","50,26","49,54","50,35","49,52","6,13M","1,84%"
"25.08.2017","49,35","49,59","49,80","49,35","4,85M","-0,06%"
"24.08.2017","49,38","49,74","49,84","49,33","3,87M","-0,52%"
"23.08.2017","49,64","49,55","49,76","49,38","4,56M","-0,14%"
"22.08.2017","49,71","48,95","49,85","48,88","4,02M","1,70%"
"21.08.2017","48,88","48,78","48,98","48,58","4,28M","0,29%"
"18.08.2017","48,74","49,10","49,17","48,68","4,81M","-1,12%"
"17.08.2017","49,29","49,63","50,15","49,25","6,63M","-1,04%"
"16.08.2017","49,81","49,04","49,86","48,97","6,49M","2,03%"
"15.08.2017","48,82","49,06","49,20","48,81","2,92M","-0,53%"
"14.08.2017","49,08","48,74","49,25","48,70","3,25M","1,11%"
"11.08.2017","48,54","48,24","48,77","48,06","3,98M","1,00%"
"10.08.2017","48,06","48,74","48,85","48,05","4,65M","-1,46%"
"09.08.2017","48,77","48,76","48,87","48,43","4,10M","-0,23%"
"08.08.2017","48,88","49,24","49,24","48,81","3,39M","-0,85%"
"07.08.2017","49,30","49,26","49,38","49,10","2,90M","0,08%"
"04.08.2017","49,26","49,24","49,36","49,09","3,33M","0,20%"
"03.08.2017","49,16","49,26","49,29","48,93","4,37M","-0,14%"
"02.08.2017","49,23","49,14","49,26","48,79","4,84M","0,16%"
"01.08.2017","49,15","49,21","49,31","48,72","5,10M","-0,06%"
"31.07.2017","49,18","49,76","49,84","49,16","6,04M","-0,87%"
"28.07.2017","49,61","50,16","50,20","49,51","5,69M","-1,00%"
"27.07.2017","50,11","50,32","50,36","49,91","7,37M","-0,58%"
"26.07.2017","50,40","50,74","50,81","50,27","6,06M","-0,85%"
"25.07.2017","50,83","50,98","51,00","50,62","5,69M","0,06%"
"24.07.2017","50,80","50,81","50,99","50,47","8,58M","-0,08%"
"21.07.2017","50,84","50,73","50,93","50,49","7,98M","-0,02%"
"20.07.2017","50,85","49,68","51,13","49,35","12,33M","2,87%"
"19.07.2017","49,43","48,80","49,47","48,76","6,48M","1,42%"
"18.07.2017","48,74","48,69","48,85","48,28","4,16M","-0,04%"
"17.07.2017","48,76","48,91","49,02","48,72","3,36M","-0,31%"
"14.07.2017","48,91","48,20","49,10","48,15","4,11M","1,73%"
"13.07.2017","48,08","48,43","48,53","47,83","7,02M","-0,72%"
"12.07.2017","48,43","48,17","48,69","48,00","3,91M","0,58%"
"11.07.2017","48,15","48,20","48,43","48,04","4,08M","-0,17%"
"10.07.2017","48,23","48,42","48,53","48,13","3,48M","-0,43%"
"07.07.2017","48,44","48,17","48,48","47,98","4,35M","1,04%"
"06.07.2017","47,94","48,83","48,86","47,90","5,67M","-2,16%"
"05.07.2017","49,00","48,72","49,10","48,66","5,64M","0,60%"
"03.07.2017","48,71","48,73","49,04","48,66","2,45M","0,21%"
"30.06.2017","48,61","48,78","49,05","48,61","4,72M","-0,25%"
"29.06.2017","48,73","48,73","49,20","48,50","6,05M","0,52%"
"28.06.2017","48,48","48,93","49,02","48,35","8,37M","-0,39%"
"27.06.2017","48,67","48,95","49,13","48,65","3,89M","-0,49%"
"26.06.2017","48,91","49,21","49,45","48,89","5,30M","-0,35%"
"23.06.2017","49,08","49,18","49,36","48,97","9,34M","-0,39%"
"22.06.2017","49,27","48,60","49,59","48,51","8,71M","1,44%"
"21.06.2017","48,57","48,79","48,93","48,29","8,27M","-0,41%"
"20.06.2017","48,77","48,89","49,30","48,75","8,50M","-0,25%"
"19.06.2017","48,89","48,34","49,17","48,15","7,41M","1,41%"
"16.06.2017","48,21","48,18","48,38","47,80","9,90M","0,19%"
"15.06.2017","48,12","47,58","48,34","47,37","9,37M","1,01%"
"14.06.2017","47,64","47,46","47,87","47,45","6,08M","0,38%"
"13.06.2017","47,46","47,24","47,67","47,20","7,16M","0,61%"
"12.06.2017","47,17","47,29","47,72","46,83","7,37M","-0,25%"
"09.06.2017","47,29","46,81","47,31","46,66","9,12M","1,22%"
"08.06.2017","46,72","46,05","46,98","45,92","8,36M","0,34%"
"07.06.2017","46,56","46,38","46,60","46,23","4,36M","0,43%"
"06.06.2017","46,36","46,58","46,70","46,32","6,05M","-0,56%"
"05.06.2017","46,62","46,57","46,75","46,38","7,81M","0,26%"
"02.06.2017","46,50","46,33","46,55","46,15","6,89M","0,87%"
"01.06.2017","46,10","45,52","46,10","45,47","7,39M","0,96%"
"31.05.2017","45,66","45,20","45,75","45,18","10,45M","1,47%"
"30.05.2017","45,00","44,46","45,10","44,21","8,12M","0,65%"
"26.05.2017","44,71","43,92","44,85","43,83","8,62M","1,73%"
"25.05.2017","43,95","43,78","44,00","43,44","4,47M","0,96%"
"24.05.2017","43,53","43,79","43,79","43,40","4,59M","-0,34%"
"23.05.2017","43,68","43,71","44,17","43,62","4,67M","-0,11%"
"22.05.2017","43,73","43,27","43,87","43,10","5,80M","1,32%"
"19.05.2017","43,16","43,15","43,32","43,01","5,88M","0,42%"
"18.05.2017","42,98","43,17","43,28","42,88","5,23M","-0,23%"
"17.05.2017","43,08","43,40","43,61","43,05","5,99M","-1,40%"
"16.05.2017","43,69","44,59","44,59","43,41","7,16M","-0,79%"
"15.05.2017","44,04","43,92","44,23","43,90","4,22M","0,18%"
"12.05.2017","43,96","43,90","44,17","43,87","5,78M","0,23%"
"11.05.2017","43,86","44,39","44,39","43,77","7,07M","-1,44%"
"10.05.2017","44,50","44,70","44,70","44,37","5,25M","-0,38%"
"09.05.2017","44,67","44,65","44,77","44,56","4,94M","-0,02%"
"08.05.2017","44,68","44,70","44,90","44,63","6,32M","0,09%"
"05.05.2017","44,64","44,58","44,69","44,48","5,89M","0,11%"
"04.05.2017","44,59","43,75","44,59","43,72","6,55M","1,99%"
"03.05.2017","43,72","43,61","43,75","43,49","4,58M","0,28%"
"02.05.2017","43,60","43,66","43,77","43,41","6,17M","0,28%"
"01.05.2017","43,48","43,57","43,66","43,32","5,12M","-0,37%"
"28.04.2017","43,64","43,67","43,75","43,50","6,01M","-0,02%"
"27.04.2017","43,65","43,96","44,01","43,59","7,49M","-0,34%"
"26.04.2017","43,80","43,93","44,15","43,71","5,59M","0,09%"
"25.04.2017","43,76","44,21","44,39","43,76","6,79M","-0,84%"
"24.04.2017","44,13","44,07","44,26","43,84","6,73M","1,38%"
"21.04.2017","43,53","43,94","43,98","43,43","7,52M","-1,02%"
"20.04.2017","43,98","43,69","44,15","43,52","5,87M","0,89%"
"19.04.2017","43,59","43,78","44,00","43,12","13,45M","0,37%"
"18.04.2017","43,43","43,09","43,59","42,96","10,13M","0,28%"
"17.04.2017","43,31","42,67","43,38","42,31","8,07M","1,50%"
"13.04.2017","42,67","42,40","42,96","42,39","11,43M","-1,86%"
"12.04.2017","43,48","43,32","43,59","43,19","4,78M","-0,23%"
"11.04.2017","43,58","43,22","43,59","43,15","4,87M","-0,02%"
"10.04.2017","43,59","43,62","43,96","43,54","4,32M","-0,55%"
"07.04.2017","43,83","43,62","43,95","43,57","5,33M","0,37%"
"06.04.2017","43,67","43,81","43,81","43,35","6,07M","-0,30%"
"05.04.2017","43,80","44,17","44,54","43,70","7,76M","-0,86%"
"04.04.2017","44,18","44,53","44,55","44,01","5,40M","-0,65%"
"03.04.2017","44,47","44,42","44,61","44,08","7,96M","0,14%"
"31.03.2017","44,41","44,33","44,82","44,33","7,15M","-0,31%"
"30.03.2017","44,55","44,63","44,66","44,36","4,41M","-0,27%"
"29.03.2017","44,67","44,67","44,84","44,37","4,19M","-0,07%"
"28.03.2017","44,70","44,74","44,78","44,26","5,38M","0,00%"
"27.03.2017","44,70","44,53","44,80","44,39","6,91M","-0,07%"
"24.03.2017","44,73","44,76","45,15","44,60","4,75M","-0,09%"
"23.03.2017","44,77","44,71","44,99","44,59","3,95M","-0,09%"
"22.03.2017","44,81","44,94","45,07","44,59","5,20M","0,02%"
"21.03.2017","44,80","45,15","45,38","44,60","5,57M","-0,40%"
"20.03.2017","44,98","45,19","45,23","44,87","3,52M","-0,46%"
"17.03.2017","45,19","45,10","45,27","44,77","12,28M","0,47%"
"16.03.2017","44,98","45,17","45,37","44,62","6,70M","-0,75%"
"15.03.2017","45,32","44,96","45,40","44,86","6,84M","1,16%"
"14.03.2017","44,80","45,19","45,25","44,77","7,50M","-1,60%"
"13.03.2017","45,53","45,65","45,78","45,23","7,04M","-0,42%"
"10.03.2017","45,72","45,77","45,84","45,51","6,11M","0,20%"
"09.03.2017","45,63","45,36","45,74","45,34","5,69M","0,60%"
"08.03.2017","45,36","45,03","45,45","44,92","6,40M","0,80%"
"07.03.2017","45,00","44,81","45,16","44,67","6,48M","-0,29%"
"06.03.2017","45,13","44,99","45,38","44,86","6,00M","-0,27%"
"03.03.2017","45,25","45,42","45,56","45,11","6,79M","-0,96%"
"02.03.2017","45,69","45,50","45,84","45,35","11,16M","0,22%"
"01.03.2017","45,59","45,37","45,70","45,19","8,89M","1,13%"
"28.02.2017","45,08","45,41","45,43","44,83","14,21M","-0,84%"
"27.02.2017","45,46","45,51","45,56","45,19","6,14M","-0,48%"
"24.02.2017","45,68","45,29","45,68","45,23","7,61M","0,62%"
"23.02.2017","45,40","45,02","45,51","44,85","9,46M","0,87%"
"22.02.2017","45,01","44,88","45,11","44,81","7,53M","0,00%"
"21.02.2017","45,01","44,65","45,15","44,54","11,39M","0,72%"
"17.02.2017","44,69","44,17","44,70","44,09","9,63M","1,11%"
"16.02.2017","44,20","44,00","44,21","43,74","8,98M","0,45%"
"15.02.2017","44,00","43,50","44,08","43,42","7,95M","0,80%"
"14.02.2017","43,65","43,01","43,73","42,96","8,46M","0,99%"
"13.02.2017","43,22","43,00","43,22","42,86","5,67M","1,12%"
"10.02.2017","42,74","42,74","42,80","42,48","3,69M","0,47%"
"09.02.2017","42,54","42,50","42,78","42,32","5,14M","0,33%"
"08.02.2017","42,40","42,66","42,73","42,28","6,73M","-1,14%"
"07.02.2017","42,89","42,57","42,98","42,50","8,70M","1,08%"
"06.02.2017","42,43","42,57","42,75","42,23","8,74M","-0,82%"
"03.02.2017","42,78","42,94","43,13","42,54","11,64M","0,07%"
"02.02.2017","42,75","42,18","42,79","41,85","11,84M","0,99%"
"01.02.2017","42,33","41,51","42,37","41,44","11,95M","1,34%"
"31.01.2017","41,77","40,73","41,79","40,60","12,32M","1,85%"
"30.01.2017","41,01","40,86","41,14","40,77","13,81M","0,02%"
"27.01.2017","41,00","41,11","41,31","40,90","7,03M","0,10%"
"26.01.2017","40,96","40,46","41,12","40,45","9,41M","1,61%"
"25.01.2017","40,31","39,76","40,47","39,25","16,89M","0,00%"
"24.01.2017","40,31","40,32","40,50","40,12","7,77M","-0,07%"
"23.01.2017","40,34","40,32","40,55","40,20","7,35M","-0,30%"
"20.01.2017","40,46","40,51","40,77","40,34","5,91M","0,15%"
"19.01.2017","40,40","40,64","40,73","40,24","7,16M","-0,88%"
"18.01.2017","40,76","41,05","41,10","40,51","7,20M","-0,34%"
"17.01.2017","40,90","40,67","41,04","40,53","8,27M","-0,07%"
"13.01.2017","40,93","40,75","41,36","40,69","9,53M","0,52%"
"12.01.2017","40,72","40,79","40,79","40,31","8,63M","-0,88%"
"11.01.2017","41,08","41,05","41,41","40,48","10,70M","-0,51%"
"10.01.2017","41,29","40,81","41,62","40,78","9,26M","1,35%"
"09.01.2017","40,74","40,79","41,06","40,62","10,99M","-0,10%"
"06.01.2017","40,78","39,70","40,99","39,66","14,63M","2,72%"
"05.01.2017","39,70","39,24","39,75","38,98","12,08M","0,86%"
"04.01.2017","39,36","39,06","39,73","39,06","22,64M","0,79%"
"03.01.2017","39,05","38,63","39,08","38,34","9,68M","1,67%"